69 0.0143444193548387 0-10 1461.1
69 0.0143444193548387 10-20 879.5
69 0.0143444193548387 20-50 320.6
69 0.0143444193548387 50-100 22.7
69 0.0143444193548387 0-100 341.1
912 0.000942088114754 0-10 1461.1
912 0.000942088114754 10-20 879.5
912 0.000942088114754 20-50 320.6
912 0.000942088114754 50-100 22.7
912 0.000942088114754 0-100 341.1
1215 0.00063870056497175 0-10 1461.1
1215 0.00063870056497175 10-20 879.5
1215 0.00063870056497175 20-50 320.6
1215 0.00063870056497175 50-100 22.7
1215 0.00063870056497175 0-100 341.1
1530 0.00028854708520179 0-10 1461.1
1530 0.00028854708520179 10-20 879.5
1530 0.00028854708520179 20-50 320.6
1530 0.00028854708520179 50-100 22.7
1530 0.00028854708520179 0-100 341.1
